% latex table generated in R 3.1.0 by xtable 1.7-4 package
% Thu Sep 25 19:57:56 2014
\begin{table}[ht]
\centering
\begin{tabular}{lrrr}
  \hline
coefficient & negative & conflict & positive \\ 
  \hline
beta.cdd1 & 0.043 & 0.715 & 0.242 \\ 
  beta.cdd2 & 0.000 & 0.999 & 0.001 \\ 
  beta.cdd3 & 0.787 & 0.212 & 0.001 \\ 
  beta.cdd4 & 0.040 & 0.598 & 0.362 \\ 
  beta.elev1 & 0.495 & 0.493 & 0.012 \\ 
  beta.elev2 & 0.966 & 0.034 & 0.000 \\ 
  beta.elev3 & 0.376 & 0.481 & 0.142 \\ 
  beta.elev4 & 0.164 & 0.575 & 0.261 \\ 
  beta.inso1 & 0.001 & 0.825 & 0.175 \\ 
  beta.inso2 & 0.406 & 0.572 & 0.022 \\ 
  beta.inso3 & 0.067 & 0.369 & 0.565 \\ 
  beta.inso4 & 0.424 & 0.570 & 0.005 \\ 
  beta.map1 & 1.000 & 0.000 & 0.000 \\ 
  beta.map2 & 0.769 & 0.230 & 0.001 \\ 
  beta.map3 & 0.004 & 0.973 & 0.024 \\ 
  beta.map4 & 0.000 & 0.035 & 0.965 \\ 
  beta.mat1 & 0.102 & 0.898 & 0.000 \\ 
  beta.mat2 & 1.000 & 0.000 & 0.000 \\ 
  beta.mat3 & 0.677 & 0.306 & 0.017 \\ 
  beta.mat4 & 0.000 & 0.026 & 0.974 \\ 
  beta.ratio1 & 0.000 & 0.000 & 1.000 \\ 
  beta.ratio2 & 0.014 & 0.733 & 0.253 \\ 
  beta.ratio3 & 0.131 & 0.869 & 0.000 \\ 
  beta.ratio4 & 0.809 & 0.187 & 0.004 \\ 
   \hline
\end{tabular}
\end{table}
